# Name: CRT Royale (Port) Fixed
# crt-royale (TroggleMonkey); libretro/slang-shaders @ 3b0d6aa1d134
# Rank-1 transfer fitted jointly with the fixed (non-adaptive) V table;
# use only with the matching _V Fixed filter
0
1
1
2
2
3
4
4
5
6
6
7
8
9
9
10
11
12
12
14
14
14
16
16
18
18
19
20
21
22
22
24
24
26
26
28
28
29
30
30
32
33
35
35
35
36
36
38
41
41
43
43
43
45
45
47
47
49
49
51
52
53
54
55
57
57
59
59
60
61
62
63
66
66
67
70
70
71
71
73
73
75
75
78
78
78
80
81
84
84
87
87
87
90
90
92
92
94
94
97
97
97
101
101
101
102
105
105
107
107
111
111
111
111
114
118
118
118
118
118
121
122
125
125
127
127
127
130
132
132
134
136
137
137
139
141
141
141
143
146
146
148
148
150
152
152
156
156
156
158
158
161
163
163
165
167
167
167
171
171
171
173
175
175
177
179
180
182
182
184
184
187
187
188
191
193
193
195
195
197
198
200
202
202
203
205
207
207
207
210
212
214
214
214
217
219
219
222
222
222
225
225
227
229
229
231
233
235
235
237
238
239
240
242
244
244
245
247
249
249
251
251
253
255
255
255
255
255
255
255
255
255
255
255
255
255
255
255
255
255
255
255
255
255
255
255
255
255
255
255
255
255
255
255
255
255
