# Name: CRT Easymode v5 (Port)
# crt-easymode (Easymode, GPL); libretro/slang-shaders @ 3b0d6aa1d134
# Gain-split: LUT carries the pre-clip transfer / 1.105; the mask carries 1.105
# Co-optimized with the adaptive V fit and refined against MiSTer's
# exact truncating arithmetic; pair with the matching (Port) files
0
1
3
3
5
5
6
7
8
9
9
10
11
12
13
14
15
16
16
17
18
19
20
21
22
23
24
25
25
26
27
28
29
31
31
32
33
34
35
36
37
38
39
39
40
42
43
44
45
45
47
47
48
49
50
51
52
53
55
55
56
57
58
59
60
61
62
63
64
65
66
67
68
69
70
71
72
73
74
75
76
77
78
79
80
81
82
83
84
85
86
87
88
89
90
91
92
93
94
95
96
97
98
99
100
101
102
103
104
105
105
106
108
109
110
111
112
113
114
115
116
117
118
118
120
121
122
122
124
125
125
126
127
130
130
131
132
132
134
135
136
136
138
138
140
141
142
142
144
145
145
146
148
150
150
152
152
154
155
157
157
160
160
162
162
164
164
166
168
169
170
171
173
174
176
177
178
179
181
182
183
185
186
188
189
190
192
193
194
195
197
199
199
201
203
203
205
207
207
209
211
213
213
215
217
219
219
221
221
223
223
223
225
227
227
229
231
231
231
233
235
235
237
237
239
239
241
241
243
243
245
245
247
247
249
251
251
251
253
255
255
255
255
255
255
255
255
255
255
255
255
255
255
255
255
255
