# Name: CRT Guest Advanced Fastest (Port)
# crt-guest-advanced-fastest (guest.r); crt-guest-advanced-2026-07-12-release1
# Monotone adaptive-control warp co-optimized with the V fit
# Co-optimized with the adaptive V fit and refined against MiSTer's
# exact truncating arithmetic; pair with the matching (Port) files
0
1
2
3
3
4
4
5
6
6
7
8
8
9
10
10
11
12
12
13
14
14
15
16
16
17
18
18
19
20
20
21
22
22
23
24
24
25
26
26
27
28
28
29
30
30
31
32
32
33
34
34
35
36
37
37
38
39
39
40
41
42
42
43
44
44
45
46
47
47
48
49
50
50
51
52
52
53
54
55
55
56
57
58
58
59
60
61
61
62
63
64
64
65
66
67
67
68
69
70
71
71
72
73
74
75
75
76
77
78
78
79
80
81
82
83
83
84
85
86
87
87
88
89
90
91
92
93
93
94
95
96
97
98
99
100
101
101
102
103
104
105
106
107
108
108
110
110
111
112
113
114
115
116
117
118
119
120
121
122
123
124
125
126
127
128
129
130
131
132
133
134
135
136
137
138
139
140
142
143
144
145
146
147
148
149
150
152
153
154
155
156
157
159
160
161
162
164
165
166
167
169
170
171
172
174
175
177
178
179
181
182
183
185
186
188
189
191
192
194
195
197
198
200
202
204
205
206
208
209
212
213
215
216
219
221
224
224
227
228
230
232
236
236
237
240
242
245
246
247
250
252
254
254
255
255
