0
1
1
2
3
4
5
6
7
7
8
9
10
11
12
13
14
15
16
17
18
19
20
21
22
23
24
25
26
27
28
29
30
32
33
34
35
36
37
38
39
40
41
42
43
45
46
47
48
49
50
51
52
53
55
56
57
58
59
60
61
62
64
65
66
67
68
69
70
72
73
74
75
76
77
79
80
81
82
83
84
86
87
88
89
90
91
93
94
95
96
97
99
100
101
102
103
105
106
107
108
109
111
112
113
114
115
117
118
119
120
121
123
124
125
126
128
129
130
131
132
134
135
136
137
139
140
141
142
144
145
146
147
148
150
151
152
153
155
156
157
158
160
161
162
163
165
166
167
168
170
171
172
173
175
176
177
179
180
181
182
184
185
186
187
189
190
191
192
194
195
196
198
199
200
201
203
204
205
207
208
209
210
212
213
214
216
217
218
219
221
222
223
225
226
227
228
230
231
232
234
235
236
238
239
240
241
243
244
245
247
248
249
251
252
253
254
255
255
255
255
255
255
255
255
255
255
255
255
255
255
255
255
255
255
255
255
255
255
255
255
255
255
255
255
255
255
255
255
255
255
255
255
255
255
255
