# Name: CRT Guest Advanced (Port) Fixed
# crt-guest-advanced (guest.r); libretro/slang-shaders @ 3b0d6aa1d134
# Rank-1 transfer fitted jointly with the fixed (non-adaptive) V table;
# use only with the matching _V Fixed filter
0
2
3
4
5
6
7
8
9
10
12
13
14
15
16
17
18
19
20
21
22
24
25
26
27
28
29
30
31
32
33
35
35
36
38
39
40
41
42
43
44
45
46
47
48
49
50
52
52
53
54
56
56
57
59
60
60
61
63
63
65
66
67
67
69
70
71
72
74
74
75
76
78
78
80
80
82
82
84
84
86
87
88
90
90
90
92
94
94
95
97
97
98
99
101
101
102
104
104
106
106
108
109
110
111
112
113
114
116
116
117
118
120
120
122
123
123
125
125
127
127
129
130
131
132
133
134
135
136
137
138
139
141
142
142
144
144
146
146
148
149
149
151
152
153
154
156
156
157
158
160
160
161
163
163
164
165
167
168
168
170
171
172
173
174
175
176
177
178
179
180
181
183
184
184
186
187
188
188
190
191
192
193
194
195
196
197
198
199
201
202
202
204
205
206
207
208
209
210
211
212
213
215
215
217
218
219
220
221
222
223
224
226
227
227
229
230
231
232
233
234
235
237
238
238
240
241
242
243
245
245
247
248
249
249
251
252
252
255
255
255
255
255
255
255
255
255
255
255
255
255
255
255
255
255
255
