# Name: CRT Royale (Port)
# crt-royale (TroggleMonkey); libretro/slang-shaders @ 3b0d6aa1d134
# Warped beam-center transfer, co-optimized with the adaptive V fit;
# pair with the matching (Port) filters
10
10
10
10
10
10
10
10
10
11
12
14
15
17
18
19
21
22
24
25
27
29
30
32
33
35
36
38
39
41
42
44
45
47
48
50
51
53
54
56
57
58
60
61
63
64
65
67
68
70
71
72
74
75
76
78
79
80
82
83
84
86
87
88
90
91
92
93
95
96
97
98
100
101
102
103
104
106
107
108
109
111
112
113
114
115
116
118
119
120
121
122
123
125
126
127
128
129
130
131
133
134
135
136
137
138
139
140
141
143
144
145
146
147
148
149
150
151
152
153
154
156
157
158
159
160
161
162
163
164
165
166
167
168
169
170
171
172
173
174
175
176
178
179
180
181
182
183
184
185
186
187
188
189
190
191
192
193
194
195
196
197
198
199
200
201
202
203
204
205
206
207
208
208
209
210
211
212
213
214
215
216
217
218
219
220
221
222
223
224
225
226
227
228
229
230
231
232
233
233
234
235
236
237
238
239
239
239
239
239
240
241
242
243
244
245
246
247
248
249
250
251
252
253
254
254
254
254
255
255
255
255
255
255
255
255
255
255
255
255
255
255
255
255
255
255
255
255
255
255
255
255
255
255
255
255
