# Name: CRT Easymode v5 (Port) Fixed
# crt-easymode (Easymode, GPL); libretro/slang-shaders @ 3b0d6aa1d134
# Rank-1 transfer fitted jointly with the fixed V table and refined
# through its dedicated full-period mask; use only with that pair
0
1
2
3
4
5
5
6
7
8
8
9
10
10
12
12
13
14
14
16
16
17
18
18
20
20
22
22
24
24
25
26
28
28
28
30
30
32
32
34
34
36
36
36
38
40
40
40
42
42
44
44
46
48
48
48
50
50
52
52
54
54
56
56
58
58
60
60
60
62
64
64
64
66
68
68
68
70
72
72
72
74
76
76
76
80
80
80
80
80
84
84
84
88
88
88
88
90
92
92
94
96
96
96
98
100
100
100
100
104
104
104
108
108
108
110
110
112
112
114
114
116
116
118
120
120
120
122
124
124
126
126
128
130
130
130
132
132
136
136
136
136
138
140
140
142
144
144
146
146
148
148
150
150
152
154
156
156
158
160
162
162
164
164
166
168
170
170
172
174
176
176
178
180
180
182
186
186
186
190
190
192
194
196
196
198
200
200
202
204
206
208
210
210
212
214
216
218
218
220
222
224
226
228
228
230
232
234
234
236
237
238
240
241
242
244
244
246
246
248
248
250
250
251
251
251
251
251
253
254
254
255
255
255
255
255
255
255
255
255
255
255
255
255
255
255
255
255
255
255
255
255
255
255
255
255
