# Name: CRT Guest Advanced (Port)
# crt-guest-advanced (guest.r); libretro/slang-shaders @ 3b0d6aa1d134
# Monotone adaptive-control warp co-optimized with the V fit
# Co-optimized with the adaptive V fit and refined against MiSTer's
# exact truncating arithmetic; pair with the matching (Port) files
0
1
2
3
3
4
5
5
6
7
7
8
9
9
10
11
11
12
13
13
14
15
16
16
17
18
18
19
20
20
21
22
22
23
24
25
25
26
27
27
28
29
29
30
31
31
32
33
33
34
35
35
36
37
37
38
39
39
40
41
42
42
43
44
45
45
46
47
48
48
49
50
50
51
52
53
53
54
55
56
57
57
58
59
59
60
61
62
63
63
64
65
66
66
67
68
69
69
70
71
72
73
74
74
75
76
77
78
78
79
80
81
82
83
83
84
85
86
87
87
88
89
90
91
92
93
93
94
95
96
97
98
99
100
100
101
102
103
104
105
106
107
108
108
109
110
111
112
113
114
115
116
117
118
119
120
121
122
123
124
125
126
127
128
129
130
131
132
133
134
135
136
137
138
139
140
141
142
143
144
146
147
148
149
150
151
152
153
155
156
157
158
160
161
162
163
165
165
167
168
170
170
172
173
175
176
178
178
180
181
183
184
185
187
188
190
191
193
194
196
198
199
200
202
204
205
206
209
209
212
214
215
217
218
221
222
224
227
227
230
231
233
237
238
240
240
242
245
246
248
251
252
254
255
255
255
