# Name: CRT Royale (Port)_V Adaptive Edge Stable
# Original shader: crt-royale (TroggleMonkey); libretro/slang-shaders @ 3b0d6aa1d134
# Fitted to MiSTer RTL arithmetic (see tools/DESIGN.md)
# Pattern-tuned: clip-safe dark-to-bright endpoint blend, strength 0.854
# Reduces nearest-line control switching on hard nonuniform edges
# Masked flat-field RMSE 28.03; moire 5.31 codes

adaptive
10bit

# Primary coefficients (maximum RGB = 0)
   0, 286,   0,   0
   0, 286,   0,   0
   0, 286,   0,   0
   0, 286,   0,   0
   0, 286,   0,   0
   0, 286,   0,   0
   0, 286,   0,   0
   0, 286,   0,   0
   0, 286,   0,   0
   0, 286,   0,   0
   0, 286,   0,   0
   0, 286,   0,   0
   0, 286,   0,   0
   0, 286,   0,   0
   0, 286,   0,   0
   0, 286,   0,   0
   0, 286,   0,   0
   0, 286,   0,   0
   0, 286,   0,   0
   0, 286,   0,   0
   0, 285,   0,   0
   0, 285,   0,   0
   0, 285,   0,   0
   0, 284,   0,   0
   0, 284,   0,   0
   0, 284,   0,   0
   0, 284,   0,   0
   0, 284,   0,   0
   0, 283,   0,   0
   0, 284,   0,   0
   0, 283,   0,   0
   0, 283,   0,   0
   0, 282,   0,   0
   0, 283,   0,   0
   0, 282,   0,   0
   0, 281,   0,   0
   0, 282,   0,   0
   0, 281,   0,   0
   0, 280,   0,   0
   0, 281,   0,   0
   0, 280,   0,   0
   0, 279,   0,   0
   0, 279,   0,   0
   0, 278,   0,   0
   0, 277,   0,   0
   0, 277,   0,   0
   0, 276,   0,   0
   0, 275,   0,   0
   0, 274,   0,   0
   0, 273,   0,   0
   0, 273,   0,   0
   0, 272,   0,   0
   0, 271,   0,   0
   0, 270,   0,   0
   0, 269,   0,   0
   0, 268,   0,   0
   0, 267,   0,   0
   0, 267,   0,   0
   0, 266,   0,   0
   0, 265,   0,   0
   0, 264,   0,   0
   0, 263,   0,   0
   0, 262,   0,   0
   0, 261,   0,   0
   0, 260,   0,   0
   0, 259,   0,   0
   0, 258,   0,   0
   0, 257,   0,   0
   0, 256,   0,   0
   0, 255,   0,   0
   0, 254,   0,   0
   0, 252,   0,   0
   0, 251,   1,   0
   0, 250,   1,   0
   0, 248,   1,   0
   0, 247,   1,   0
   0, 246,   1,   0
   0, 245,   1,   0
   0, 244,   1,   0
   0, 243,   1,   0
   0, 241,   2,   0
   0, 240,   2,   0
   0, 239,   2,   0
   0, 238,   2,   0
   0, 236,   3,   0
   0, 235,   3,   0
   0, 234,   3,   0
   0, 232,   3,   0
   0, 231,   3,   0
   0, 229,   4,   0
   0, 228,   4,   0
   0, 226,   5,   0
   0, 224,   6,   0
   0, 222,   7,   0
   0, 220,   7,   0
   0, 219,   8,   0
   0, 217,   9,   0
   0, 214,   9,   0
   0, 212,  10,   0
   0, 209,  12,   0
   0, 207,  13,   0
   0, 204,  15,   0
   0, 201,  15,   0
   0, 198,  17,   0
   0, 195,  19,   0
   0, 192,  20,   0
   0, 189,  22,   0
   0, 185,  24,   0
   0, 181,  26,   0
   0, 178,  28,   0
   0, 175,  31,   0
   0, 171,  33,   0
   0, 167,  36,   0
   0, 162,  39,   0
   0, 158,  42,   0
   0, 154,  45,   0
   0, 150,  48,   0
   0, 146,  51,   0
   0, 142,  55,   0
   0, 137,  59,   0
   0, 132,  62,   0
   0, 128,  67,   0
   0, 124,  70,   0
   0, 119,  74,   0
   0, 114,  79,   0
   0, 110,  83,   0
   0, 105,  87,   0
   0, 101,  91,   0
   0,  97,  97,   0
   0,  91, 101,   0
   0,  87, 105,   0
   0,  83, 110,   0
   0,  79, 114,   0
   0,  74, 119,   0
   0,  70, 124,   0
   0,  67, 128,   0
   0,  62, 132,   0
   0,  59, 137,   0
   0,  55, 142,   0
   0,  51, 146,   0
   0,  48, 150,   0
   0,  45, 154,   0
   0,  42, 158,   0
   0,  39, 162,   0
   0,  36, 167,   0
   0,  33, 171,   0
   0,  31, 175,   0
   0,  28, 178,   0
   0,  26, 181,   0
   0,  24, 185,   0
   0,  22, 189,   0
   0,  20, 192,   0
   0,  19, 195,   0
   0,  17, 198,   0
   0,  15, 201,   0
   0,  15, 204,   0
   0,  13, 207,   0
   0,  12, 209,   0
   0,  10, 212,   0
   0,   9, 214,   0
   0,   9, 217,   0
   0,   8, 219,   0
   0,   7, 220,   0
   0,   7, 222,   0
   0,   6, 224,   0
   0,   5, 226,   0
   0,   4, 228,   0
   0,   4, 229,   0
   0,   3, 231,   0
   0,   3, 232,   0
   0,   3, 234,   0
   0,   3, 235,   0
   0,   3, 236,   0
   0,   2, 238,   0
   0,   2, 239,   0
   0,   2, 240,   0
   0,   2, 241,   0
   0,   1, 243,   0
   0,   1, 244,   0
   0,   1, 245,   0
   0,   1, 246,   0
   0,   1, 247,   0
   0,   1, 248,   0
   0,   1, 250,   0
   0,   1, 251,   0
   0,   0, 252,   0
   0,   0, 254,   0
   0,   0, 255,   0
   0,   0, 256,   0
   0,   0, 257,   0
   0,   0, 258,   0
   0,   0, 259,   0
   0,   0, 260,   0
   0,   0, 261,   0
   0,   0, 262,   0
   0,   0, 263,   0
   0,   0, 264,   0
   0,   0, 265,   0
   0,   0, 266,   0
   0,   0, 267,   0
   0,   0, 267,   0
   0,   0, 268,   0
   0,   0, 269,   0
   0,   0, 270,   0
   0,   0, 271,   0
   0,   0, 272,   0
   0,   0, 273,   0
   0,   0, 273,   0
   0,   0, 274,   0
   0,   0, 275,   0
   0,   0, 276,   0
   0,   0, 277,   0
   0,   0, 277,   0
   0,   0, 278,   0
   0,   0, 279,   0
   0,   0, 279,   0
   0,   0, 280,   0
   0,   0, 281,   0
   0,   0, 280,   0
   0,   0, 281,   0
   0,   0, 282,   0
   0,   0, 281,   0
   0,   0, 282,   0
   0,   0, 283,   0
   0,   0, 282,   0
   0,   0, 283,   0
   0,   0, 283,   0
   0,   0, 284,   0
   0,   0, 283,   0
   0,   0, 284,   0
   0,   0, 284,   0
   0,   0, 284,   0
   0,   0, 284,   0
   0,   0, 284,   0
   0,   0, 285,   0
   0,   0, 285,   0
   0,   0, 285,   0
   0,   0, 286,   0
   0,   0, 286,   0
   0,   0, 286,   0
   0,   0, 286,   0
   0,   0, 286,   0
   0,   0, 286,   0
   0,   0, 286,   0
   0,   0, 286,   0
   0,   0, 286,   0
   0,   0, 286,   0
   0,   0, 286,   0
   0,   0, 286,   0
   0,   0, 286,   0
   0,   0, 286,   0
   0,   0, 286,   0
   0,   0, 286,   0
   0,   0, 286,   0
   0,   0, 286,   0
   0,   0, 286,   0

# Secondary coefficients (maximum RGB = 255)
   0, 248,   0,   0
   0, 248,   0,   0
   0, 248,   0,   0
   0, 248,   0,   0
   0, 248,   0,   0
   0, 248,   0,   0
   0, 248,   0,   0
   0, 248,   0,   0
   0, 248,   0,   0
   0, 248,   0,   0
   0, 248,   0,   0
   0, 248,   0,   0
   0, 248,   0,   0
   0, 248,   0,   0
   0, 247,   0,   0
   0, 247,   0,   0
   0, 247,   0,   0
   0, 247,   0,   0
   0, 247,   0,   0
   0, 247,   0,   0
   0, 247,   0,   0
   0, 247,   0,   0
   0, 247,   0,   0
   0, 247,   0,   0
   0, 247,   0,   0
   0, 248,   0,   0
   0, 248,   0,   0
   0, 248,   0,   0
   0, 248,   0,   0
   0, 249,   0,   0
   0, 249,   0,   0
   0, 249,   0,   0
   0, 249,   0,   0
   0, 250,   0,   0
   0, 250,   0,   0
   0, 250,   0,   0
   0, 251,   0,   0
   0, 251,   0,   0
   0, 251,   0,   0
   0, 252,   0,   0
   0, 252,   0,   0
   0, 252,   0,   0
   0, 252,   0,   0
   0, 252,   0,   0
   0, 252,   0,   0
   0, 252,   0,   0
   0, 252,   0,   0
   0, 252,   0,   0
   0, 252,   0,   0
   0, 252,   0,   0
   0, 252,   0,   0
   0, 252,   0,   0
   0, 252,   0,   0
   0, 252,   0,   0
   0, 252,   0,   0
   0, 252,   0,   0
   0, 252,   0,   0
   0, 252,   0,   0
   0, 252,   0,   0
   0, 252,   0,   0
   0, 252,   0,   0
   0, 252,   0,   0
   0, 252,   0,   0
   0, 252,   0,   0
   0, 252,   0,   0
   0, 252,   0,   0
   0, 252,   0,   0
   0, 252,   0,   0
   0, 252,   0,   0
   0, 252,   0,   0
   0, 252,   0,   0
   0, 252,   0,   0
   0, 251,   1,   0
   0, 251,   1,   0
   0, 251,   1,   0
   0, 251,   1,   0
   0, 251,   1,   0
   0, 251,   1,   0
   0, 251,   1,   0
   0, 251,   1,   0
   0, 250,   2,   0
   0, 250,   2,   0
   0, 250,   2,   0
   0, 250,   2,   0
   0, 249,   3,   0
   0, 249,   3,   0
   0, 249,   3,   0
   0, 248,   4,   0
   0, 248,   4,   0
   0, 247,   5,   0
   0, 247,   5,   0
   0, 246,   6,   0
   0, 245,   7,   0
   0, 244,   8,   0
   0, 243,   8,   0
   0, 242,   9,   0
   0, 241,  10,   0
   0, 239,  11,   0
   0, 237,  12,   0
   0, 234,  14,   0
   0, 233,  15,   0
   0, 230,  17,   0
   0, 228,  18,   0
   0, 225,  20,   0
   0, 222,  22,   0
   0, 219,  24,   0
   0, 216,  26,   0
   0, 213,  28,   0
   0, 209,  31,   0
   0, 206,  33,   0
   0, 202,  36,   0
   0, 198,  39,   0
   0, 194,  42,   0
   0, 189,  46,   0
   0, 185,  49,   0
   0, 180,  53,   0
   0, 176,  56,   0
   0, 171,  60,   0
   0, 166,  64,   0
   0, 160,  69,   0
   0, 155,  73,   0
   0, 150,  78,   0
   0, 145,  82,   0
   0, 139,  87,   0
   0, 134,  92,   0
   0, 129,  97,   0
   0, 123, 102,   0
   0, 118, 107,   0
   0, 113, 113,   0
   0, 107, 118,   0
   0, 102, 123,   0
   0,  97, 129,   0
   0,  92, 134,   0
   0,  87, 139,   0
   0,  82, 145,   0
   0,  78, 150,   0
   0,  73, 155,   0
   0,  69, 160,   0
   0,  64, 166,   0
   0,  60, 171,   0
   0,  56, 176,   0
   0,  53, 180,   0
   0,  49, 185,   0
   0,  46, 189,   0
   0,  42, 194,   0
   0,  39, 198,   0
   0,  36, 202,   0
   0,  33, 206,   0
   0,  31, 209,   0
   0,  28, 213,   0
   0,  26, 216,   0
   0,  24, 219,   0
   0,  22, 222,   0
   0,  20, 225,   0
   0,  18, 228,   0
   0,  17, 230,   0
   0,  15, 233,   0
   0,  14, 234,   0
   0,  12, 237,   0
   0,  11, 239,   0
   0,  10, 241,   0
   0,   9, 242,   0
   0,   8, 243,   0
   0,   8, 244,   0
   0,   7, 245,   0
   0,   6, 246,   0
   0,   5, 247,   0
   0,   5, 247,   0
   0,   4, 248,   0
   0,   4, 248,   0
   0,   3, 249,   0
   0,   3, 249,   0
   0,   3, 249,   0
   0,   2, 250,   0
   0,   2, 250,   0
   0,   2, 250,   0
   0,   2, 250,   0
   0,   1, 251,   0
   0,   1, 251,   0
   0,   1, 251,   0
   0,   1, 251,   0
   0,   1, 251,   0
   0,   1, 251,   0
   0,   1, 251,   0
   0,   1, 251,   0
   0,   0, 252,   0
   0,   0, 252,   0
   0,   0, 252,   0
   0,   0, 252,   0
   0,   0, 252,   0
   0,   0, 252,   0
   0,   0, 252,   0
   0,   0, 252,   0
   0,   0, 252,   0
   0,   0, 252,   0
   0,   0, 252,   0
   0,   0, 252,   0
   0,   0, 252,   0
   0,   0, 252,   0
   0,   0, 252,   0
   0,   0, 252,   0
   0,   0, 252,   0
   0,   0, 252,   0
   0,   0, 252,   0
   0,   0, 252,   0
   0,   0, 252,   0
   0,   0, 252,   0
   0,   0, 252,   0
   0,   0, 252,   0
   0,   0, 252,   0
   0,   0, 252,   0
   0,   0, 252,   0
   0,   0, 252,   0
   0,   0, 252,   0
   0,   0, 252,   0
   0,   0, 252,   0
   0,   0, 252,   0
   0,   0, 252,   0
   0,   0, 251,   0
   0,   0, 251,   0
   0,   0, 251,   0
   0,   0, 250,   0
   0,   0, 250,   0
   0,   0, 250,   0
   0,   0, 249,   0
   0,   0, 249,   0
   0,   0, 249,   0
   0,   0, 249,   0
   0,   0, 248,   0
   0,   0, 248,   0
   0,   0, 248,   0
   0,   0, 248,   0
   0,   0, 247,   0
   0,   0, 247,   0
   0,   0, 247,   0
   0,   0, 247,   0
   0,   0, 247,   0
   0,   0, 247,   0
   0,   0, 247,   0
   0,   0, 247,   0
   0,   0, 247,   0
   0,   0, 247,   0
   0,   0, 247,   0
   0,   0, 248,   0
   0,   0, 248,   0
   0,   0, 248,   0
   0,   0, 248,   0
   0,   0, 248,   0
   0,   0, 248,   0
   0,   0, 248,   0
   0,   0, 248,   0
   0,   0, 248,   0
   0,   0, 248,   0
   0,   0, 248,   0
   0,   0, 248,   0
   0,   0, 248,   0
